101 32
0000 115
0001 104
0011 97
0101 111
0111 116
1110 101
00100 117
01001 100
10000 108
10011 13
11000 10
11011 105
11110 114
11111 110
001010 103
010001 99
011001 102
011010 119
100011 46
100100 121
100101 44
110100 109
0010111 107
0100000 69
0110000 118
0110110 84
1000100 65
1100101 98
1100110 112
1100111 73
00101101 87
01000010 72
01000011 67
01101110 76
10001010 82
11001000 78
11010100 79
11010111 83
001011001 33
011000110 95
011000111 71
011011110 80
011011111 70
100010111 63
110010010 85
110010011 68
110101010 59
110101011 66
110101101 77
0010110000 58
0010110001 45
0110001000 93
0110001001 91
0110001011 120
1000101100 75
1101011001 89
01100010100 74
10001011010 113
10001011011 106
11010110000 86
011000101010 81
011000101011 122
11010110001001 49
11010110001011 88
11010110001111 90
110101100010000 56
110101100010001 48
110101100010100 52
110101100011000 50
110101100011011 40
110101100011100 41
1101011000101010 55
1101011000110010 57
1101011000110011 53
1101011000110101 51
1101011000111011 54
11010110001010111 233
11010110001101000 38
11010110001110100 230
110101100010101100 199
110101100011010011 231
110101100011101011 232
1101011000101011010 201
1101011000110100101 224
1101011000111010101 42
11010110001010110111 47
11010110001101001000 198
11010110001101001001 234
110101100011101010000 9
110101100011101010001 192
110101100011101010010 235
1101011000101011011000 37
1101011000101011011001 39
1101011000101011011011 36
1101011000111010100110 226
1101011000111010100111 238
11010110001010110110101 35
110101100010101101101000000000 145
110101100010101101101000000001 146
110101100010101101101000000010 147
110101100010101101101000000011 148
110101100010101101101000000100 149
110101100010101101101000000101 150
110101100010101101101000000110 151
110101100010101101101000000111 152
110101100010101101101000001000 153
110101100010101101101000001001 154
110101100010101101101000001010 155
110101100010101101101000001011 156
110101100010101101101000001100 157
110101100010101101101000001101 158
110101100010101101101000001110 159
110101100010101101101000001111 160
110101100010101101101000010000 161
110101100010101101101000010001 162
110101100010101101101000010010 163
110101100010101101101000010011 164
110101100010101101101000010100 165
110101100010101101101000010101 166
110101100010101101101000010110 167
110101100010101101101000010111 168
110101100010101101101000011000 169
110101100010101101101000011001 170
110101100010101101101000011010 171
110101100010101101101000011011 172
110101100010101101101000011100 173
110101100010101101101000011101 174
110101100010101101101000011110 175
110101100010101101101000011111 176
110101100010101101101000100000 177
110101100010101101101000100001 178
110101100010101101101000100010 179
110101100010101101101000100011 180
110101100010101101101000100100 181
110101100010101101101000100101 182
110101100010101101101000100110 183
110101100010101101101000100111 184
110101100010101101101000101000 185
110101100010101101101000101001 186
110101100010101101101000101010 187
110101100010101101101000101011 188
110101100010101101101000101100 189
110101100010101101101000101101 190
110101100010101101101000101110 191
110101100010101101101000101111 193
110101100010101101101000110000 194
110101100010101101101000110001 195
110101100010101101101000110010 196
110101100010101101101000110011 197
110101100010101101101000110100 200
110101100010101101101000110101 202
110101100010101101101000110110 203
110101100010101101101000110111 204
110101100010101101101000111000 205
110101100010101101101000111001 206
110101100010101101101000111010 207
110101100010101101101000111011 208
110101100010101101101000111100 209
110101100010101101101000111101 210
110101100010101101101000111110 211
110101100010101101101000111111 212
110101100010101101101001000000 213
110101100010101101101001000001 214
110101100010101101101001000010 215
110101100010101101101001000011 216
110101100010101101101001000100 217
110101100010101101101001000101 218
110101100010101101101001000110 219
110101100010101101101001000111 220
110101100010101101101001001000 221
110101100010101101101001001001 222
110101100010101101101001001010 223
110101100010101101101001001011 225
110101100010101101101001001100 227
110101100010101101101001001101 228
110101100010101101101001001110 229
110101100010101101101001001111 236
110101100010101101101001010000 237
110101100010101101101001010001 239
110101100010101101101001010010 240
110101100010101101101001010011 241
110101100010101101101001010100 242
110101100010101101101001010101 243
110101100010101101101001010110 244
110101100010101101101001010111 245
110101100010101101101001011000 246
110101100010101101101001011001 247
110101100010101101101001011010 248
110101100010101101101001011011 249
110101100010101101101001011100 250
110101100010101101101001011101 251
110101100010101101101001011110 252
110101100010101101101001011111 253
110101100010101101101001100000 254
110101100010101101101001100001 255
1101011000101011011010011000100 1
1101011000101011011010011000101 0
1101011000101011011010011000110 3
1101011000101011011010011000111 2
1101011000101011011010011001000 5
1101011000101011011010011001001 4
1101011000101011011010011001010 7
1101011000101011011010011001011 6
1101011000101011011010011001100 8
1101011000101011011010011001101 11
1101011000101011011010011001110 12
1101011000101011011010011001111 14
1101011000101011011010011010000 15
1101011000101011011010011010001 16
1101011000101011011010011010010 17
1101011000101011011010011010011 18
1101011000101011011010011010100 19
1101011000101011011010011010101 20
1101011000101011011010011010110 21
1101011000101011011010011010111 22
1101011000101011011010011011000 23
1101011000101011011010011011001 24
1101011000101011011010011011010 25
1101011000101011011010011011011 26
1101011000101011011010011011100 27
1101011000101011011010011011101 28
1101011000101011011010011011110 29
1101011000101011011010011011111 30
1101011000101011011010011100000 31
1101011000101011011010011100001 34
1101011000101011011010011100010 43
1101011000101011011010011100011 60
1101011000101011011010011100100 61
1101011000101011011010011100101 62
1101011000101011011010011100110 64
1101011000101011011010011100111 92
1101011000101011011010011101000 94
1101011000101011011010011101001 96
1101011000101011011010011101010 123
1101011000101011011010011101011 124
1101011000101011011010011101100 125
1101011000101011011010011101101 126
1101011000101011011010011101110 127
1101011000101011011010011101111 128
1101011000101011011010011110000 129
1101011000101011011010011110001 130
1101011000101011011010011110010 131
1101011000101011011010011110011 132
1101011000101011011010011110100 133
1101011000101011011010011110101 134
1101011000101011011010011110110 135
1101011000101011011010011110111 136
1101011000101011011010011111000 137
1101011000101011011010011111001 138
1101011000101011011010011111010 139
1101011000101011011010011111011 140
1101011000101011011010011111100 141
1101011000101011011010011111101 142
1101011000101011011010011111110 143
1101011000101011011010011111111 144
